function F = F
    F = 96485.33289;
end